OldKentRoad	60	30	2	10	30	90	160	250	10	9
WhitechapelRoad	60	30	4	20	60	180	320	450	10	7
TheAngelIslington 100	50	6	30	90	270	400	550	10	4
EustonRoad 100	50	6	30	90	270	400	550	10	2
PentonvilleRoad 120	60	8	40	100	300	450	600	10	1
PallMall 140	70	10	50	150	450	625	750	9	0
Whitehall 140	70	10	50	150	450	625	750	7	0
NorthumbelandAvenue 160	80	12	60	180	500	700	900	6	0
BowStreet 180	90	14	70	200	550	750	950	4	0
MarlboroughStreet 180	90	14	70	200	550	750	950	2	0
VineStreet	200	100	16	80	220	600	800	1000	1	0
TheStrand	220	110	18	90	250	700	875	1050	0	1
FleetStreet	220	110	18	90	250	700	875	1050	0	3
TrafalgarSquare	240	120	20	100	300	750	925	1100	0	4
LeicesterSquare	260	130	22	110	330	800	975	1150	0	6
CoventryStreet	260	130	22	110	330	800	975	1150	0	7
Piccadilly	280	140	22	120	360	850	1025	1200	0	9
RegentStreet	300	150	26	130	390	900	1100	1275	1	10
OxfordStreet	300	150	26	130	390	900	1100	1275	2	10
BondStreet	320	160	28	150	450	1000	1200	1400	4	10
ParkLane	350	175	35	175	500	1100	1300	1500	7	10
Mayfair	400	200	50	200	600	1400	1700	2000	9	10